2021 12 01 74 42 0.00 0.0 0.0
2021 12 02 77 47 0.00 0.0 0.0
2021 12 03 77 49 0.00 0.0 0.0
2021 12 04 77 52 0.00 0.0 0.0
2021 12 05 77 53 0.00 0.0 0.0
2021 12 06 72 45 1.13 0.0 0.0
2021 12 07 46 42 0.05 0.0 0.0
2021 12 08 59 41 0.02 0.0 0.0
2021 12 09 69 41 0.00 0.0 0.0
2021 12 10 81 69 0.00 0.0 0.0
2021 12 11 74 44 1.14 0.0 0.0
2021 12 12 58 35 0.00 0.0 0.0
2021 12 13 69 32 0.00 0.0 0.0
2021 12 14 77 48 0.00 0.0 0.0
2021 12 15 72 57 0.00 0.0 0.0
2021 12 16 78 64 0.00 0.0 0.0
2021 12 17 76 64 0.02 0.0 0.0
2021 12 18 79 50 0.17 0.0 0.0
2021 12 19 51 38 0.19 0.0 0.0
2021 12 20 47 37 0.27 0.0 0.0
2021 12 21 55 35 0.00 0.0 0.0
2021 12 22 60 33 0.00 0.0 0.0
2021 12 23 66 32 0.00 0.0 0.0
2021 12 24 76 49 0.00 0.0 0.0
2021 12 25 77 60 0.00 0.0 0.0
2021 12 26 78 63 0.00 0.0 0.0
2021 12 27 80 65 0.00 0.0 0.0
2021 12 28 79 63 0.26 0.0 0.0
2021 12 29 82 68 0.00 0.0 0.0
2021 12 30 80 63 0.02 0.0 0.0
2021 12 31 83 65 0.00 0.0 0.0