2021 11 01 73 45 0.00 0.0 0.0
2021 11 02 69 46 0.00 0.0 0.0
2021 11 03 60 47 0.02 0.0 0.0
2021 11 04 58 44 0.04 0.0 0.0
2021 11 05 54 43 0.00 0.0 0.0
2021 11 06 64 39 0.00 0.0 0.0
2021 11 07 68 34 0.00 0.0 0.0
2021 11 08 76 36 0.00 0.0 0.0
2021 11 09 74 38 0.00 0.0 0.0
2021 11 10 74 41 0.00 0.0 0.0
2021 11 11 68 46 0.29 0.0 0.0
2021 11 12 74 39 0.00 0.0 0.0
2021 11 13 55 34 0.00 0.0 0.0
2021 11 14 71 32 0.00 0.0 0.0
2021 11 15 73 38 0.00 0.0 0.0
2021 11 16 78 52 0.00 0.0 0.0
2021 11 17 80 51 0.00 0.0 0.0
2021 11 18 65 45 0.04 0.0 0.0
2021 11 19 62 34 0.00 0.0 0.0
2021 11 20 72 29 0.00 0.0 0.0
2021 11 21 75 45 0.55 0.0 0.0
2021 11 22 64 43 0.01 0.0 0.0
2021 11 23 64 34 0.00 0.0 0.0
2021 11 24 69 38 0.00 0.0 0.0
2021 11 25 64 47 0.18 0.0 0.0
2021 11 26 56 33 0.00 0.0 0.0
2021 11 27 60 29 0.00 0.0 0.0
2021 11 28 59 40 0.11 0.0 0.0
2021 11 29 63 31 0.00 0.0 0.0
2021 11 30 72 35 0.00 0.0 0.0