2021 10 01 86 68 0.00 0.0 0.0
2021 10 02 85 68 0.00 0.0 0.0
2021 10 03 88 69 0.05 0.0 0.0
2021 10 04 87 64 0.02 0.0 0.0
2021 10 05 84 62 0.10 0.0 0.0
2021 10 06 84 59 0.00 0.0 0.0
2021 10 07 86 58 0.00 0.0 0.0
2021 10 08 88 57 0.00 0.0 0.0
2021 10 09 89 60 0.00 0.0 0.0
2021 10 10 89 63 0.00 0.0 0.0
2021 10 11 87 65 0.00 0.0 0.0
2021 10 12 88 73 0.00 0.0 0.0
2022 10 13 87 66 0.00 0.0 0.0
2021 10 14 88 66 0.00 0.0 0.0
2021 10 15 90 68 0.09 0.0 0.0
2021 10 16 72 48 0.00 0.0 0.0
2021 10 17 73 43 0.00 0.0 0.0
2021 10 18 73 42 0.00 0.0 0.0
2021 10 19 79 43 0.00 0.0 0.0
2021 10 20 83 54 0.03 0.0 0.0
2021 10 21 86 65 0.00 0.0 0.0
2021 10 22 83 54 0.00 0.0 0.0
2021 10 23 85 51 0.00 0.0 0.0
2021 10 24 84 61 0.00 0.0 0.0
2021 10 25 85 63 0.02 0.0 0.0
2021 10 26 79 54 0.00 0.0 0.0
2021 10 27 74 58 1.07 0.0 0.0
2021 10 28 65 54 0.01 0.0 0.0
2021 10 29 57 53 0.00 0.0 0.0
2021 10 30 63 46 0.00 0.0 0.0
2021 10 31 76 43 0.00 0.0 0.0